pen 110 50 250.000000
ahs 111 30 300.000000
paper 112 100 100.000000
rubber 113 50 280.000000
pencil_cutter 114 60 300.000000
lab_pad 116 40 1600.000000
pencil_box 117 20 2000.000000
color_box 118 20 4000.000000
chips 119 10 100.000000
biscuit 120 40 1000.000000
box 121 20 1000.000000
chocolate 122 100 1000.000000
soap 123 40 4000.000000
tooth_paste 126 20 0.000000
qq 110 4 5.000000
ahs 111 30 300.000000
paper 112 100 100.000000
rubber 113 50 280.000000
pencil_cutter 114 60 300.000000
lab_pad 116 40 1600.000000
pencil_box 117 20 2000.000000
color_box 118 20 4000.000000
chips 119 10 100.000000
biscuit 120 40 1000.000000
box 121 20 1000.000000
chocolate 122 100 1000.000000
soap 123 40 4000.000000
tooth_paste 126 20 0.0000
paper 112 100 100.000000
rubber 113 50 280.000000
pencil_cutter 114 60 300.000000
lab_pad 116 40 1600.000000
pencil_box 117 20 2000.000000
color_box 118 20 4000.000000
chips 119 10 100.000000
biscuit 120 40 1000.000000
box 121 20 1000.000000
chocolate 122 100 1000.000000
soap 123 40 4000.000000
tooth_paste 126 20 0.000000
rr 110 6 7.000000
ahs 111 30 300.000000
paper 112 100 100.000000
rubber 113 50 280.000000
pencil_cutter 114 60 300.000000
lab_pad 116 40 1600.000000
pencil_box 117 20 2000.000000
color_box 118 20 4000.000000
chips 119 10 100.000000
biscuit 120 40 1000.000000
box 121 20 1000.000000
chocolate 122 100 1000.000000
soap 123 40 4000.000000
tooth_paste 126 20 0.000000
rr 110 6 7.000000
ahs 111 30 300.000000
paper 112 100 100.000000
rubber 113 50 280.000000
pencil_cutter 114 60 300.000000
lab_pad 116 40 1600.000000
pencil_box 117 20 2000.000000
color_box 118 20 4000.000000
chips 119 10 100.000000
biscuit 120 40 1000.000000
box 121 20 1000.000000
chocolate 122 100 1000.000000
soap 123 40 4000.000000
tooth_paste 126 20 0.000000
paper 112 100 100.000000
rubber 113 50 280.000000
pencil_cutter 114 60 300.000000
lab_pad 116 40 1600.000000
pencil_box 117 20 2000.000000
color_box 118 20 4000.000000
chips 119 10 100.000000
biscuit 120 40 1000.000000
box 121 20 1000.000000
chocolate 122 100 1000.000000
soap 123 40 4000.000000
tooth_paste 126 20 0.000000
 0 4 0.000000
rr 110 6 7.000000
yy 111 9 9.000000
paper 112 100 100.000000
rubber 113 50 280.000000
pencil_cutter 114 60 300.000000
lab_pad 116 40 1600.000000
pencil_box 117 20 2000.000000
color_box 118 20 4000.000000
chips 119 10 100.000000
biscuit 120 40 1000.000000
box 121 20 1000.000000
chocolate 122 100 1000.000000
soap 123 40 4000.000000
tooth_paste 126 20 0.000000
rr 110 6 7.000000
yy 111 9 9.000000
paper 112 100 100.000000
rubber 113 50 280.000000
pencil_cutter 114 60 300.000000
lab_pad 116 40 1600.000000
pencil_box 117 20 2000.000000
color_box 118 20 4000.000000
chips 119 10 100.000000
biscuit 120 40 1000.000000
box 121 20 1000.000000
chocolate 122 100 1000.000000
soap 123 40 4000.000000
tooth_paste 126 20 0.000000
paper 112 100 100.000000
rubber 113 50 280.000000
pencil_cutter 114 60 300.000000
lab_pad 116 40 1600.000000
pencil_box 117 20 2000.000000
color_box 118 20 4000.000000
chips 119 10 100.000000
biscuit 120 40 1000.000000
box 121 20 1000.000000
chocolate 122 100 1000.000000
soap 123 40 4000.000000
tooth_paste 126 20 0.000000
nipa 100 2 50.000000